1355449099849 0 0 
1355449099947 0 0 
1355449099981 0 0 
1355449100064 0 0 
1355449100075 0 0 
1355449100117 0 0 
1355449100151 0 0 
1355449100192 0 0 
1355449100239 0 0 
1355449100280 176 0 
1355449100349 0 0 
1355449100367 0 0 
1355449100431 176 0 
1355449100495 176 0 
1355449100508 176 0 
1355449100567 176 0 
1355449100615 176 0 
1355449100654 176 0 
1355449100687 176 0 
1355449100737 176 0 
1355449100777 176 0 
1355449100828 176 0 
1355449100878 176 0 
1355449100923 176 0 
1355449100975 176 0 
1355449101023 176 0 
1355449101067 176 0 
1355449101126 176 0 
1355449101162 176 176 
1355449101198 176 176 
1355449101246 176 176 
1355449101296 176 176 
1355449101345 176 176 
1355449101399 176 176 
1355449101446 176 176 
1355449101521 176 176 
1355449101537 176 176 
1355449101594 176 176 
1355449101654 176 176 
1355449101671 176 176 
1355449101730 176 176 
1355449101773 176 176 
1355449101828 176 176 
1355449101866 176 176 
1355449101914 176 176 
1355449101947 176 176 
1355449101986 176 176 
1355449102032 176 176 
1355449102082 176 176 
1355449102133 176 176 
1355449102174 176 176 
1355449102224 176 176 
1355449102263 176 176 
1355449102314 176 176 
1355449102358 176 176 
1355449102407 176 176 
1355449102472 176 176 
1355449102537 176 176 
1355449102551 176 176 
1355449102600 176 176 
1355449102646 176 176 
1355449102692 176 176 
1355449102737 176 176 
1355449102785 176 176 
1355449102838 176 176 
1355449102887 160 176 
1355449102937 176 176 
1355449102986 176 176 
1355449103031 32 176 
1355449103137 48 176 
1355449103144 48 176 
1355449103175 48 176 
1355449103212 48 176 
1355449103242 176 176 
1355449103294 176 176 
1355449103339 144 176 
1355449103383 144 176 
1355449103432 176 176 
1355449103486 128 176 
1355449103522 144 176 
1355449103574 128 176 
1355449103620 144 176 
1355449103663 144 176 
1355449103712 160 176 
1355449103753 160 176 
1355449103802 128 176 
1355449103856 176 176 
1355449103911 128 176 
1355449103956 128 176 
1355449104014 128 176 
1355449104063 128 176 
1355449104113 160 176 
1355449104164 128 176 
1355449104178 128 176 
1355449104240 128 176 
1355449104312 128 176 
1355449104329 128 176 
1355449104386 128 176 
1355449104461 128 176 
1355449104475 128 176 
1355449104540 128 176 
1355449104555 160 176 
1355449104602 160 176 
1355449104639 160 176 
1355449104679 160 176 
1355449104727 160 176 
1355449104781 160 176 
1355449104822 160 176 
1355449104869 160 176 
1355449104911 160 176 
1355449104958 160 176 
1355449105011 160 176 
1355449105066 160 176 
1355449105114 160 176 
1355449105166 160 176 
1355449105215 160 176 
1355449105270 160 176 
1355449105324 160 160 
1355449105375 160 160 
1355449105388 160 160 
1355449105438 160 160 
1355449105486 160 160 
1355449105528 160 160 
1355449105593 160 160 
1355449105639 176 160 
1355449105689 176 160 
1355449105739 176 160 
1355449105817 176 160 
1355449105828 160 160 
1355449105883 176 160 
1355449105895 176 160 
1355449105937 160 160 
1355449105987 176 160 
1355449106027 176 160 
1355449106077 160 160 
1355449106127 176 160 
1355449106167 176 160 
1355449106219 176 160 
1355449106267 176 160 
1355449106307 176 160 
1355449106356 176 160 
1355449106403 176 160 
1355449106443 176 160 
1355449106501 176 160 
1355449106535 176 160 
1355449106583 176 160 
1355449106632 176 160 
1355449106683 176 160 
1355449106723 176 160 
1355449106772 176 160 
1355449106813 176 160 
1355449106864 176 176 
1355449106913 176 176 
1355449106963 176 176 
1355449107004 176 176 
1355449107054 176 176 
1355449107100 176 176 
1355449107145 176 176 
1355449107195 176 176 
1355449107241 176 176 
1355449107282 176 176 
1355449107336 176 176 
1355449107373 176 176 
1355449107422 176 176 
1355449107466 176 176 
1355449107512 176 176 
1355449107562 176 176 
1355449107612 176 176 
1355449107659 176 176 
1355449107702 176 176 
1355449107753 176 176 
1355449107792 176 176 
1355449107842 176 176 
1355449107892 176 176 
1355449107932 176 176 
1355449107982 176 176 
1355449108022 176 176 
1355449108072 176 176 
1355449108122 176 176 
1355449108180 160 176 
1355449108213 160 176 
1355449108263 160 176 
1355449108302 128 176 
1355449108352 160 176 
1355449108402 128 176 
1355449108442 128 176 
1355449108492 160 176 
1355449108541 128 176 
1355449108587 160 176 
1355449108628 128 176 
1355449108678 128 176 
1355449108719 128 176 
1355449108769 128 176 
1355449108830 160 176 
1355449108890 128 176 
1355449108934 160 176 
1355449108977 160 176 
1355449109023 160 176 
1355449109069 160 176 
1355449109130 176 176 
1355449109179 48 176 
1355449109231 32 176 
1355449109244 160 176 
1355449109292 32 176 
1355449109346 48 176 
1355449109391 48 176 
1355449109446 32 176 
1355449109492 32 176 
1355449109552 160 176 
1355449109565 176 176 
1355449109650 176 176 
1355449109673 176 176 
1355449109746 176 176 
1355449109762 176 176 
1355449109802 176 176 
1355449109853 176 176 
1355449109905 176 176 
1355449109957 176 176 
1355449110009 176 176 
1355449110026 176 176 
1355449110087 176 176 
1355449110148 176 176 
1355449110196 176 176 
1355449110240 176 176 
1355449110288 176 176 
1355449110331 176 176 
1355449110387 176 176 
1355449110431 176 176 
1355449110479 176 176 
1355449110505 176 176 
1355449110542 176 176 
1355449110579 176 176 
1355449110628 176 176 
1355449110678 176 176 
1355449110724 176 176 
1355449110769 176 176 
1355449110819 176 176 
1355449110862 176 176 
1355449110915 176 176 
1355449110967 176 176 
1355449111018 176 176 
1355449111068 176 176 
1355449111139 176 176 
1355449111146 176 176 
1355449111193 176 176 
1355449111235 176 176 
1355449111289 176 176 
1355449111329 176 176 
1355449111373 176 176 
1355449111439 176 176 
1355449111482 176 176 
1355449111536 176 176 
1355449111584 176 176 
1355449111624 176 176 
1355449111655 176 176 
1355449111693 176 176 
1355449111742 176 176 
1355449111792 176 176 
1355449111832 176 176 
1355449111882 176 176 
1355449111923 176 176 
1355449111972 176 176 
1355449112022 176 176 
1355449112081 176 176 
1355449112122 176 176 
1355449112185 176 176 
1355449112218 176 176 
1355449112255 176 176 
1355449112304 176 176 
1355449112359 176 176 
1355449112410 176 176 
1355449112442 176 176 
1355449112484 176 176 
1355449112534 160 176 
1355449112580 160 176 
1355449112623 160 176 
1355449112675 176 176 
1355449112734 160 176 
1355449112793 160 176 
1355449112831 176 176 
1355449112878 176 176 
1355449112912 176 176 
1355449112952 176 176 
1355449112998 160 176 
1355449113039 176 176 
1355449113088 176 176 
1355449113128 176 176 
1355449113186 176 176 
1355449113228 176 176 
1355449113269 160 176 
1355449113318 160 176 
1355449113369 160 176 
1355449113422 160 176 
1355449113458 160 176 
1355449113509 160 176 
1355449113558 160 176 
1355449113613 160 176 
1355449113662 160 176 
1355449113725 160 176 
1355449113769 160 176 
1355449113835 160 176 
1355449113845 160 176 
1355449113891 160 176 
1355449113942 160 176 
1355449113992 160 176 
1355449114055 160 160 
1355449114095 160 160 
1355449114152 160 160 
1355449114196 160 160 
1355449114213 160 160 
1355449114270 160 160 
1355449114320 160 160 
1355449114367 160 160 
1355449114466 160 160 
1355449114481 160 160 
1355449114491 160 160 
1355449114547 176 160 
1355449114591 176 160 
1355449114630 176 160 
1355449114671 176 160 
1355449114718 176 160 
1355449114759 176 160 
1355449114808 176 160 
1355449114859 176 160 
1355449114907 176 160 
1355449114964 176 160 
1355449115012 48 160 
1355449115057 48 160 
1355449115116 32 160 
1355449115164 0 160 
1355449115217 0 160 
1355449115233 0 160 
1355449115290 0 160 
1355449115343 0 160 
1355449115403 0 160 
1355449115456 0 160 
1355449115476 0 160 
1355449115524 128 160 
1355449115580 0 160 
1355449115640 128 160 
1355449115693 128 160 
1355449115704 128 160 
1355449115751 128 160 
1355449115813 160 160 
1355449115824 128 160 
1355449115874 144 160 
1355449115924 176 160 
1355449115989 160 160 
1355449116033 176 160 
1355449116076 176 160 
1355449116128 176 160 
1355449116159 176 160 
1355449116211 176 160 
1355449116262 176 160 
1355449116293 176 160 
1355449116342 176 160 
1355449116384 176 160 
1355449116433 176 160 
1355449116484 176 160 
1355449116531 160 160 
1355449116578 32 160 
1355449116627 32 160 
1355449116665 32 160 
1355449116714 128 160 
1355449116773 160 160 
1355449116819 160 160 
1355449116869 160 160 
1355449116902 160 160 
1355449116946 160 160 
1355449116992 160 160 
1355449117033 160 160 
1355449117082 160 160 
1355449117132 176 160 
1355449117206 176 160 
1355449117241 176 160 
1355449117276 176 160 
1355449117312 176 160 
1355449117364 144 160 
1355449117407 176 160 
1355449117447 144 160 
1355449117503 144 160 
1355449117547 176 160 
1355449117600 144 160 
1355449117647 176 160 
1355449117691 176 160 
1355449117729 176 160 
1355449117779 176 160 
1355449117829 48 160 
1355449117892 176 160 
1355449117935 176 160 
1355449117974 176 160 
1355449118011 176 160 
1355449118057 176 160 
1355449118107 176 160 
1355449118148 176 160 
1355449118199 176 160 
1355449118237 176 160 
1355449118287 176 160 
1355449118339 176 160 
1355449118396 176 160 
1355449118433 176 160 
1355449118478 176 160 
1355449118523 176 160 
1355449118567 176 160 
1355449118617 176 176 
1355449118657 176 176 
1355449118707 160 176 
1355449118757 176 176 
1355449118797 176 176 
1355449118847 176 176 
1355449118898 176 176 
1355449118945 176 176 
1355449118995 176 176 
1355449119064 176 176 
1355449119099 176 176 
1355449119136 176 176 
1355449119178 176 176 
1355449119227 144 176 
1355449119279 144 176 
1355449119352 144 176 
1355449119365 48 176 
1355449119428 48 176 
1355449119475 16 176 
1355449119519 16 176 
1355449119568 144 176 
1355449119618 176 176 
1355449119688 144 176 
1355449119697 144 176 
1355449119742 144 176 
1355449119809 144 176 
1355449119867 144 176 
1355449119880 144 176 
1355449119919 144 176 
1355449119965 144 176 
1355449120019 144 176 
1355449120062 144 176 
1355449120116 144 176 
1355449120172 144 176 
1355449120226 144 176 
1355449120242 144 176 
1355449120288 176 176 
1355449120332 176 176 
1355449120384 176 176 
1355449120433 176 176 
1355449120480 176 176 
1355449120528 176 176 
1355449120572 176 176 
1355449120614 176 176 
1355449120664 176 176 
1355449120730 176 176 
1355449120797 176 176 
1355449120808 176 176 
1355449120859 176 176 
1355449120905 176 176 
1355449120956 176 176 
1355449121009 48 176 
1355449121052 48 176 
1355449121099 48 176 
1355449121142 48 176 
1355449121179 16 176 
1355449121213 16 176 
1355449121263 0 176 
1355449121313 16 176 
1355449121356 0 176 
1355449121402 0 176 
1355449121455 0 176 
1355449121497 0 176 
1355449121543 32 176 
1355449121593 32 176 
1355449121644 16 176 
1355449121681 48 176 
1355449121732 48 176 
1355449121801 176 176 
1355449121866 176 176 
1355449121884 176 176 
1355449121929 176 176 
1355449121970 176 176 
1355449122018 144 176 
1355449122074 144 176 
1355449122127 144 176 
1355449122176 128 176 
1355449122219 128 176 
1355449122281 0 176 
1355449122294 32 176 
1355449122332 48 176 
1355449122378 48 176 
1355449122422 48 176 
1355449122469 48 176 
1355449122521 176 176 
1355449122557 176 176 
1355449122608 176 176 
1355449122658 176 176 
1355449122700 176 176 
1355449122747 176 176 
1355449122788 176 176 
1355449122837 176 176 
1355449122887 176 176 
1355449122937 176 176 
1355449122994 176 176 
1355449123041 176 176 
1355449123098 176 176 
1355449123144 176 176 
1355449123177 176 176 
1355449123217 176 176 
1355449123257 176 176 
1355449123307 176 176 
1355449123353 176 176 
1355449123397 176 176 
1355449123447 176 176 
1355449123491 176 176 
1355449123543 176 176 
1355449123592 176 176 
1355449123653 176 176 
1355449123710 176 176 
1355449123777 176 176 
1355449123788 176 176 
1355449123824 176 176 
1355449123873 176 176 
1355449123907 176 176 
1355449123961 176 176 
1355449124026 176 176 
1355449124075 176 176 
1355449124120 176 176 
1355449124170 176 176 
1355449124214 176 176 
1355449124264 176 176 
1355449124313 176 176 
1355449124351 176 176 
1355449124400 176 176 
1355449124458 176 176 
1355449124480 176 176 
1355449124542 176 176 
1355449124593 176 176 
1355449124627 176 176 
1355449124661 176 176 
1355449124694 176 176 
1355449124742 176 176 
1355449124792 176 176 
1355449124842 176 176 
1355449124883 176 176 
1355449124932 176 176 
1355449124972 176 176 
1355449125022 176 176 
1355449125072 176 176 
1355449125114 176 176 
1355449125162 176 176 
1355449125212 176 176 
1355449125252 176 176 
1355449125302 176 176 
1355449125342 176 176 
1355449125392 176 176 
1355449125442 176 176 
1355449125492 176 176 
1355449125532 176 176 
1355449125582 176 176 
1355449125622 176 176 
1355449125672 176 176 
1355449125722 176 176 
1355449125772 176 176 
1355449125818 176 176 
1355449125862 176 176 
1355449125902 176 176 
1355449125953 176 176 
1355449126005 176 176 
1355449126044 176 176 
1355449126093 176 176 
1355449126142 176 176 
1355449126182 176 176 
1355449126228 176 176 
1355449126278 176 176 
1355449126318 176 176 
1355449126368 160 176 
1355449126418 176 176 
1355449126458 144 176 
1355449126508 176 176 
1355449126558 0 176 
1355449126599 0 176 
1355449126647 0 176 
1355449126697 128 176 
1355449126738 0 176 
1355449126787 0 176 
1355449126837 0 176 
1355449126878 0 176 
1355449126927 16 176 
1355449126967 16 176 
1355449127017 16 176 
1355449127067 144 176 
1355449127117 144 176 
1355449127158 144 176 
1355449127208 144 176 
1355449127249 144 176 
1355449127297 176 176 
1355449127347 176 176 
1355449127397 176 176 
1355449127439 176 176 
1355449127489 176 176 
1355449127528 176 176 
1355449127577 176 176 
1355449127628 176 176 
1355449127687 176 176 
1355449127735 176 176 
1355449127770 176 176 
1355449127808 176 176 
1355449127857 176 176 
1355449127897 176 176 
1355449127947 176 176 
1355449127997 176 176 
1355449128047 176 176 
1355449128087 176 176 
1355449128141 176 176 
1355449128182 176 176 
1355449128226 176 176 
1355449128277 176 176 
1355449128326 176 176 
1355449128366 176 176 
1355449128413 176 176 
1355449128453 176 176 
1355449128503 176 176 
1355449128554 176 176 
1355449128628 176 176 
1355449128649 176 176 
1355449128694 176 176 
1355449128738 176 176 
1355449128783 176 176 
1355449128833 176 176 
1355449128895 176 176 
1355449128953 176 176 
1355449129019 176 176 
1355449129035 176 176 
1355449129087 176 176 
1355449129131 176 176 
1355449129177 176 176 
1355449129213 176 176 
1355449129253 176 176 
1355449129307 160 176 
1355449129343 176 176 
1355449129392 176 176 
1355449129432 176 176 
1355449129484 176 176 
1355449129536 176 176 
1355449129586 176 176 
1355449129630 176 176 
1355449129673 176 176 
1355449129730 176 176 
1355449129775 176 176 
1355449129834 176 176 
1355449129877 176 176 
1355449129923 176 176 
1355449129966 176 176 
1355449130006 176 176 
1355449130053 176 176 
1355449130101 176 176 
1355449130145 176 176 
1355449130201 176 176 
1355449130248 176 176 
1355449130309 176 176 
1355449130362 176 176 
1355449130369 176 176 
1355449130412 176 176 
1355449130452 176 176 
1355449130508 176 176 
1355449130570 176 176 
1355449130621 176 176 
1355449130653 176 176 
1355449130688 176 176 
1355449130728 176 176 
1355449130781 176 176 
1355449130829 176 176 
1355449130894 176 176 
1355449130947 176 176 
1355449130985 176 176 
1355449131023 176 176 
1355449131058 176 176 
1355449131108 176 176 
1355449131165 176 176 
1355449131217 176 176 
1355449131257 176 176 
1355449131291 176 176 
1355449131337 176 176 
1355449131387 176 176 
1355449131429 176 176 
1355449131479 176 176 
1355449131528 176 176 
1355449131568 176 176 
1355449131618 176 176 
1355449131667 176 176 
1355449131708 176 176 
1355449131757 176 176 
1355449131807 176 176 
1355449131847 176 176 
1355449131898 176 176 
1355449131948 176 176 
1355449132005 176 176 
1355449132054 176 176 
1355449132110 176 176 
1355449132157 176 176 
1355449132207 176 176 
1355449132253 176 176 
1355449132301 176 176 
1355449132351 176 176 
1355449132362 176 176 
1355449132428 176 176 
1355449132479 176 176 
1355449132537 176 176 
1355449132586 176 176 
1355449132621 176 176 
1355449132653 176 176 
1355449132686 176 176 
1355449132738 48 176 
1355449132778 48 176 
1355449132826 48 176 
1355449132873 48 176 
1355449132917 176 176 
1355449132973 176 176 
1355449133014 176 176 
1355449133057 176 176 
1355449133103 176 176 
1355449133152 176 176 
1355449133196 176 176 
1355449133246 176 176 
1355449133287 176 176 
1355449133332 176 176 
1355449133382 176 176 
1355449133432 176 176 
1355449133478 176 176 
1355449133528 176 176 
1355449133565 176 176 
1355449133612 160 176 
1355449133663 176 176 
1355449133703 176 176 
1355449133759 160 176 
1355449133819 160 176 
1355449133873 160 176 
1355449133917 176 176 
1355449133949 176 176 
1355449133984 160 176 
1355449134032 176 176 
1355449134084 160 176 
1355449134122 176 176 
1355449134173 176 176 
1355449134222 176 176 
1355449134272 176 176 
1355449134315 176 176 
1355449134364 176 176 
1355449134407 176 176 
1355449134464 176 176 
1355449134506 176 176 
1355449134543 176 176 
1355449134601 176 176 
1355449134638 176 176 
1355449134682 176 176 
1355449134751 176 176 
1355449134810 176 176 
1355449134839 176 176 
1355449134874 176 176 
1355449134912 176 176 
1355449134961 176 176 
1355449135015 176 176 
1355449135059 176 176 
1355449135099 176 176 
1355449135151 176 176 
1355449135195 176 176 
1355449135267 176 176 
1355449135312 176 176 
1355449135364 176 176 
1355449135405 176 176 
1355449135448 176 176 
1355449135484 176 176 
1355449135518 176 176 
1355449135558 176 176 
1355449135609 176 176 
1355449135659 176 176 
1355449135709 176 176 
1355449135770 176 176 
1355449135829 176 176 
1355449135877 176 176 
1355449135908 176 176 
1355449135954 176 176 
1355449135990 176 176 
1355449136030 176 176 
1355449136078 176 176 
1355449136117 176 176 
1355449136168 176 176 
1355449136217 176 176 
1355449136265 176 176 
1355449136310 176 176 
1355449136358 176 176 
1355449136406 176 176 
1355449136447 176 176 
1355449136497 176 176 
1355449136537 176 176 
1355449136587 176 176 
1355449136638 176 176 
1355449136684 176 176 
1355449136727 176 176 
1355449136779 176 176 
1355449136826 176 176 
1355449136868 176 176 
1355449136917 176 176 
1355449136961 176 176 
1355449137010 176 176 
1355449137057 176 176 
1355449137107 176 176 
1355449137150 176 176 
1355449137202 176 176 
1355449137247 176 176 
1355449137294 176 176 
1355449137360 176 176 
1355449137419 176 176 
1355449137431 176 176 
1355449137472 176 176 
1355449137513 176 176 
1355449137564 176 176 
1355449137612 176 176 
1355449137656 176 176 
1355449137714 176 176 
1355449137761 176 176 
1355449137806 176 176 
1355449137849 176 176 
1355449137883 176 176 
1355449137932 176 176 
1355449137983 176 176 
1355449138052 176 176 
1355449138100 176 176 
1355449138145 176 176 
1355449138195 176 176 
1355449138220 176 176 
1355449138262 176 176 
1355449138303 176 176 
1355449138353 176 176 
1355449138400 176 176 
1355449138445 176 176 
1355449138507 176 176 
1355449138541 176 176 
1355449138582 176 176 
1355449138637 176 176 
1355449138675 176 176 
1355449138732 176 176 
1355449138797 176 176 
1355449138854 176 176 
1355449138905 176 176 
1355449138916 176 176 
1355449138955 176 176 
1355449139002 176 176 
1355449139051 176 176 
1355449139092 176 176 
1355449139142 176 176 
1355449139192 176 176 
1355449139232 176 176 
1355449139281 48 176 
1355449139331 160 176 
1355449139372 32 176 
1355449139418 32 176 
1355449139467 32 176 
1355449139508 32 176 
1355449139559 32 176 
1355449139607 32 176 
1355449139650 32 176 
1355449139699 32 176 
1355449139752 32 176 
1355449139833 32 176 
1355449139847 32 176 
1355449139906 32 176 
1355449139956 32 176 
1355449139996 32 176 
1355449140038 32 176 
1355449140083 32 176 
1355449140121 160 176 
1355449140167 128 176 
1355449140207 160 176 
1355449140258 160 176 
1355449140299 176 176 
1355449140349 160 176 
1355449140398 160 176 
1355449140438 160 176 
1355449140488 160 176 
1355449140538 176 176 
1355449140582 176 176 
1355449140627 176 176 
1355449140667 176 176 
1355449140717 176 176 
1355449140767 176 176 
1355449140817 176 176 
1355449140859 176 176 
1355449140908 176 176 
1355449140947 176 176 
1355449140997 160 176 
1355449141047 176 176 
1355449141097 160 176 
1355449141137 160 176 
1355449141186 160 176 
1355449141227 160 176 
1355449141276 160 176 
1355449141330 160 176 
1355449141367 160 176 
1355449141425 176 176 
1355449141466 176 176 
1355449141506 176 176 
1355449141556 176 176 
1355449141603 176 176 
1355449141643 176 176 
1355449141693 176 176 
1355449141743 176 176 
1355449141783 176 176 
1355449141832 176 176 
1355449141882 176 176 
1355449141923 176 176 
1355449141972 176 176 
1355449142022 176 176 
1355449142065 176 176 
1355449142114 176 176 
1355449142164 176 176 
1355449142202 176 176 
1355449142252 176 176 
1355449142293 176 176 
1355449142342 176 176 
1355449142392 176 176 
1355449142442 176 176 
1355449142482 176 176 
1355449142532 176 176 
1355449142572 176 176 
1355449142622 176 176 
1355449142672 176 176 
1355449142722 176 176 
1355449142763 176 176 
1355449142812 176 176 
1355449142852 176 176 
1355449142902 176 176 
1355449142952 176 176 
1355449142992 176 176 
1355449143042 176 176 
1355449143092 176 176 
1355449143132 176 176 
1355449143182 176 176 
1355449143222 176 176 
1355449143272 176 176 
1355449143329 176 176 
1355449143372 176 176 
1355449143412 176 176 
1355449143462 176 176 
1355449143502 176 176 
1355449143552 176 176 
1355449143605 176 176 
1355449143657 176 176 
1355449143710 176 176 
1355449143754 176 176 
1355449143803 176 176 
1355449143847 176 176 
1355449143893 176 176 
1355449143930 176 176 
1355449143967 176 176 
1355449144017 176 176 
1355449144058 176 176 
1355449144107 176 176 
1355449144159 176 176 
1355449144202 176 176 
1355449144249 176 176 
1355449144299 176 176 
1355449144337 176 176 
1355449144387 176 176 
1355449144437 176 176 
1355449144477 176 176 
1355449144527 48 176 
1355449144580 144 176 
1355449144617 48 176 
1355449144667 48 176 
1355449144717 176 176 
1355449144757 176 176 
1355449144807 176 176 
1355449144849 176 176 
1355449144899 176 176 
1355449144950 176 176 
1355449145000 176 176 
1355449145050 144 176 
1355449145087 176 176 
1355449145128 144 176 
1355449145193 176 176 
1355449145234 176 176 
1355449145282 176 176 
1355449145325 176 176 
1355449145366 176 176 
1355449145407 176 176 
1355449145457 176 176 
1355449145506 176 176 
1355449145548 176 176 
1355449145601 176 176 
1355449145654 176 176 
1355449145691 176 176 
1355449145737 176 176 
1355449145781 176 176 
1355449145827 176 176 
1355449145879 176 176 
1355449145930 176 176 
1355449145967 176 176 
1355449146016 176 176 
1355449146053 176 176 
1355449146103 176 176 
1355449146153 144 176 
1355449146203 144 176 
1355449146244 144 176 
1355449146293 144 176 
1355449146333 128 176 
1355449146382 144 176 
1355449146432 144 176 
1355449146474 176 176 
1355449146523 176 176 
1355449146604 144 176 
1355449146622 144 176 
1355449146670 144 176 
1355449146719 176 176 
1355449146769 176 176 
1355449146824 144 176 
1355449146869 176 176 
1355449146920 144 176 
1355449146953 176 176 
1355449146993 144 176 
1355449147035 144 176 
1355449147082 144 176 
1355449147132 144 176 
1355449147172 144 176 
1355449147221 144 176 
1355449147272 176 176 
1355449147312 176 176 
1355449147362 176 176 
1355449147407 176 176 
1355449147452 176 176 
1355449147503 176 176 
1355449147552 176 176 
1355449147592 176 176 
1355449147644 176 176 
1355449147682 176 176 
1355449147732 176 176 
1355449147781 176 176 
1355449147831 144 176 
1355449147872 144 176 
1355449147921 16 176 
1355449147962 16 176 
1355449148023 16 176 
1355449148061 16 176 
1355449148101 16 176 
1355449148151 0 176 
1355449148198 0 176 
1355449148238 0 176 
1355449148289 0 176 
1355449148328 0 176 
1355449148380 0 176 
1355449148427 0 176 
1355449148488 0 176 
1355449148534 0 176 
1355449148575 0 176 
1355449148615 0 176 
1355449148661 0 176 
1355449148708 0 176 
1355449148760 0 176 
1355449148797 0 176 
1355449148847 0 176 
1355449148887 0 0 
1355449148937 0 0 
1355449148988 0 0 
1355449149041 0 0 
1355449149081 0 0 
1355449149128 0 0 
1355449149169 0 0 
1355449149217 0 0 
1355449149267 16 0 
1355449149307 0 0 
1355449149357 0 0 
1355449149407 16 0 
1355449149447 0 0 
1355449149497 0 0 
1355449149552 0 0 
1355449149595 0 0 
1355449149637 0 0 
1355449149686 0 0 
1355449149727 0 0 
1355449149780 0 0 
1355449149826 0 0 
1355449149869 0 0 
1355449149917 0 0 
1355449149972 0 0 
1355449150006 0 0 
1355449150056 0 0 
1355449150107 0 0 
1355449150152 0 0 
1355449150198 0 0 
1355449150240 0 0 
1355449150308 0 0 
1355449150372 0 0 
1355449150438 0 0 
1355449150458 0 0 
1355449150536 0 0 
1355449150550 0 0 
1355449150616 0 0 
1355449150636 0 0 
1355449150697 0 0 
1355449150749 0 0 
1355449150818 0 0 
1355449150833 0 0 
1355449150874 0 0 
1355449150913 0 0 
1355449150949 16 0 
1355449150987 16 0 
1355449151032 16 0 
1355449151072 16 0 
1355449151122 16 0 
1355449151162 48 0 
1355449151212 48 0 
1355449151262 48 0 
1355449151312 48 0 
1355449151354 48 0 
1355449151404 48 0 
1355449151459 176 0 
1355449151496 176 0 
1355449151545 176 0 
1355449151592 176 0 
1355449151632 176 0 
1355449151682 176 0 
1355449151722 176 0 
1355449151772 176 0 
1355449151831 176 0 
1355449151867 176 0 
1355449151917 176 0 
1355449151967 176 0 
1355449152004 176 0 
1355449152062 176 0 
1355449152102 176 0 
1355449152153 176 0 
1355449152200 176 176 
1355449152250 176 176 
1355449152311 176 176 
1355449152368 176 176 
1355449152412 176 176 
1355449152432 176 176 
1355449152504 176 176 
1355449152520 176 176 
1355449152562 176 176 
1355449152608 176 176 
1355449152658 176 176 
1355449152698 176 176 
1355449152765 176 176 
1355449152804 176 176 
1355449152837 176 176 
1355449152887 176 176 
1355449152938 176 176 
1355449152982 176 176 
1355449153030 176 176 
1355449153084 176 176 
1355449153132 176 176 
1355449153173 176 176 
1355449153211 176 176 
1355449153262 176 176 
1355449153307 176 176 
1355449153347 176 176 
1355449153414 176 176 
1355449153453 176 176 
1355449153525 176 176 
1355449153565 176 176 
1355449153593 176 176 
1355449153627 48 176 
1355449153676 48 176 
1355449153718 48 176 
1355449153768 48 176 
1355449153823 48 176 
1355449153869 176 176 
1355449153923 48 176 
1355449153973 48 176 
1355449154058 48 176 
1355449154074 48 176 
1355449154125 16 176 
1355449154166 16 176 
1355449154209 144 176 
1355449154267 16 176 
1355449154306 144 176 
1355449154346 144 176 
1355449154386 176 176 
1355449154451 176 176 
1355449154488 160 176 
1355449154557 176 176 
1355449154572 176 176 
1355449154622 176 176 
1355449154665 176 176 
1355449154701 160 176 
1355449154748 160 176 
1355449154798 160 176 
1355449154835 176 176 
1355449154882 176 176 
1355449154934 48 176 
1355449154988 176 176 
1355449155032 176 176 
1355449155077 176 176 
1355449155135 176 176 
1355449155191 176 176 
1355449155243 176 176 
1355449155258 176 176 
1355449155317 48 176 
1355449155371 48 176 
1355449155425 176 176 
1355449155467 176 176 
1355449155513 176 176 
1355449155545 176 176 
1355449155583 176 176 
1355449155628 176 176 
1355449155676 176 176 
1355449155733 176 176 
1355449155799 176 176 
1355449155848 176 176 
1355449155899 48 176 
1355449155911 48 176 
1355449155964 48 176 
1355449156031 48 176 
1355449156099 48 176 
1355449156117 48 176 
1355449156153 48 176 
1355449156182 48 176 
1355449156232 48 176 
1355449156272 48 176 
1355449156323 48 176 
1355449156372 16 176 
1355449156422 16 176 
1355449156471 16 176 
1355449156515 16 176 
1355449156552 16 176 
1355449156602 0 176 
1355449156652 16 176 
1355449156692 16 176 
1355449156742 16 176 
1355449156791 16 176 
1355449156832 16 176 
1355449156881 144 176 
1355449156931 144 176 
1355449156978 16 176 
1355449157017 144 176 
1355449157067 144 176 
1355449157109 176 176 
1355449157157 176 176 
1355449157207 176 176 
1355449157247 176 176 
1355449157297 144 176 
1355449157347 176 176 
1355449157411 176 176 
1355449157446 128 176 
1355449157489 144 176 
1355449157527 128 176 
1355449157577 144 176 
1355449157617 128 176 
1355449157667 128 176 
1355449157717 128 176 
1355449157767 128 176 
1355449157822 128 176 
1355449157857 0 176 
1355449157897 0 176 
1355449157947 0 176 
1355449158002 0 176 
1355449158047 0 176 
1355449158094 0 176 
1355449158137 0 176 
1355449158180 0 176 
1355449158228 0 176 
1355449158277 0 176 
1355449158316 0 176 
1355449158367 0 176 
1355449158417 128 176 
1355449158457 128 176 
1355449158518 128 176 
1355449158550 128 176 
1355449158596 160 176 
1355449158647 160 176 
1355449158696 128 176 
1355449158737 160 176 
1355449158786 160 176 
1355449158830 160 176 
1355449158878 160 176 
1355449158929 160 176 
1355449158980 176 176 
1355449159016 176 176 
1355449159066 176 176 
1355449159108 176 176 
1355449159158 176 176 
1355449159204 176 176 
1355449159245 176 176 
1355449159293 176 176 
1355449159349 176 176 
1355449159400 176 176 
1355449159439 176 176 
1355449159486 176 176 
1355449159525 176 176 
1355449159579 176 176 
1355449159624 176 176 
1355449159665 176 176 
1355449159714 144 176 
1355449159764 128 176 
1355449159806 128 176 
1355449159857 128 176 
1355449159911 16 176 
1355449159959 16 176 
1355449160020 48 176 
1355449160064 16 176 
1355449160125 48 176 
1355449160141 176 176 
1355449160203 48 176 
1355449160251 176 176 
1355449160312 176 176 
1355449160354 176 176 
1355449160403 176 176 
1355449160440 176 176 
1355449160493 48 176 
1355449160508 48 176 
1355449160560 48 176 
1355449160638 48 176 
1355449160647 32 176 
1355449160713 48 176 
1355449160751 48 176 
1355449160814 48 176 
1355449160852 48 176 
1355449160913 48 176 
1355449160957 48 176 
1355449160997 48 176 
1355449161031 48 176 
1355449161062 48 176 
1355449161102 48 176 
1355449161152 16 176 
1355449161202 16 176 
1355449161252 16 176 
1355449161293 16 176 
1355449161341 16 176 
1355449161382 16 176 
1355449161428 16 176 
1355449161479 16 176 
1355449161527 16 176 
1355449161598 16 176 
1355449161650 16 176 
1355449161695 16 176 
1355449161748 0 176 
1355449161768 0 176 
1355449161822 0 176 
1355449161870 16 176 
1355449161920 16 176 
1355449161969 0 176 
1355449162016 0 176 
1355449162048 0 176 
1355449162087 0 176 
1355449162128 0 176 
1355449162180 0 176 
1355449162219 0 176 
1355449162267 0 176 
1355449162317 0 176 
1355449162357 16 176 
1355449162407 16 176 
1355449162457 0 176 
1355449162497 0 176 
1355449162546 0 176 
1355449162597 16 176 
1355449162641 16 176 
1355449162690 0 176 
1355449162727 0 176 
1355449162780 0 176 
1355449162826 0 176 
1355449162876 0 176 
1355449162917 32 176 
1355449162967 32 176 
1355449163008 32 176 
1355449163056 32 176 
1355449163106 0 176 
1355449163159 0 176 
1355449163201 0 176 
1355449163261 0 176 
1355449163312 0 176 
1355449163361 0 176 
1355449163399 0 176 
1355449163440 0 176 
1355449163480 0 176 
1355449163526 0 176 
1355449163566 0 176 
1355449163612 0 176 
1355449163656 0 176 
1355449163703 0 176 
1355449163753 0 176 
1355449163803 0 176 
1355449163877 0 0 
1355449163925 0 0 
1355449163996 0 0 
1355449164009 0 0 
1355449164066 0 0 
1355449164125 0 0 
1355449164136 16 0 
1355449164188 16 0 
1355449164232 16 0 
1355449164281 16 0 
1355449164315 16 0 
1355449164352 144 0 
1355449164402 144 0 
1355449164453 144 0 
1355449164495 144 0 
1355449164543 176 0 
1355449164598 176 0 
1355449164651 176 0 
1355449164708 176 0 
1355449164761 176 0 
1355449164813 176 0 
1355449164829 176 0 
1355449164897 176 0 
1355449164935 176 0 
1355449164973 176 0 
1355449165012 176 0 
1355449165054 176 0 
1355449165102 176 0 
1355449165151 176 0 
1355449165200 176 0 
1355449165245 176 0 
1355449165286 176 176 
1355449165333 176 176 
1355449165382 176 176 
1355449165442 176 176 
1355449165492 176 176 
1355449165570 176 176 
1355449165596 176 176 
1355449165678 176 176 
1355449165700 176 176 
1355449165799 176 176 
1355449165816 176 176 
1355449165828 176 176 
1355449165875 176 176 
1355449165893 176 176 
1355449165939 176 176 
1355449165982 176 176 
1355449166028 176 176 
1355449166077 176 176 
1355449166117 176 176 
1355449166167 48 176 
1355449166208 48 176 
1355449166258 48 176 
1355449166309 48 176 
1355449166357 16 176 
1355449166397 48 176 
1355449166447 48 176 
1355449166487 48 176 
1355449166538 48 176 
1355449166587 48 176 
1355449166638 48 176 
1355449166700 48 176 
1355449166755 48 176 
1355449166773 48 176 
1355449166826 48 176 
1355449166892 48 176 
1355449166943 48 176 
1355449166995 176 176 
1355449167037 176 176 
1355449167085 176 176 
1355449167126 144 176 
1355449167163 176 176 
1355449167201 176 176 
1355449167243 176 176 
1355449167295 176 176 
1355449167337 176 176 
1355449167387 176 176 
1355449167436 176 176 
1355449167496 176 176 
1355449167552 176 176 
1355449167594 176 176 
1355449167630 176 176 
1355449167669 176 176 
1355449167708 176 176 
1355449167746 176 176 
1355449167796 176 176 
1355449167838 176 176 
1355449167886 176 176 
1355449167936 176 176 
1355449167986 176 176 
1355449168023 176 176 
1355449168072 176 176 
1355449168112 176 176 
1355449168162 176 176 
1355449168212 176 176 
1355449168264 176 176 
1355449168303 176 176 
1355449168352 176 176 
1355449168392 176 176 
1355449168443 176 176 
1355449168498 176 176 
1355449168542 176 176 
1355449168582 176 176 
1355449168633 176 176 
1355449168672 160 176 
1355449168722 176 176 
1355449168764 160 176 
1355449168813 176 176 
1355449168862 160 176 
1355449168912 160 176 
1355449168952 160 176 
1355449169002 160 176 
1355449169045 160 176 
1355449169094 160 176 
1355449169142 176 176 
1355449169191 176 176 
1355449169232 176 176 
1355449169282 176 176 
1355449169325 176 176 
1355449169378 176 176 
1355449169425 176 176 
1355449169470 176 176 
1355449169517 176 176 
1355449169562 176 176 
1355449169602 176 176 
1355449169651 176 176 
1355449169701 176 176 
1355449169741 176 176 
1355449169791 176 176 
1355449169841 176 176 
1355449169881 160 176 
1355449169931 160 176 
1355449170001 160 176 
1355449170040 160 176 
1355449170092 160 176 
1355449170132 160 176 
1355449170168 144 176 
1355449170212 144 176 
1355449170257 144 176 
1355449170297 144 176 
1355449170347 144 176 
1355449170390 144 176 
1355449170437 16 176 
1355449170487 16 176 
1355449170537 0 176 
1355449170583 16 176 
1355449170630 16 176 
1355449170670 0 176 
1355449170718 16 176 
1355449170768 0 176 
1355449170818 16 176 
1355449170865 16 176 
1355449170917 16 176 
1355449170973 16 176 
1355449171020 48 176 
1355449171070 48 176 
1355449171120 48 176 
1355449171168 48 176 
1355449171207 48 176 
1355449171233 176 176 
1355449171277 176 176 
1355449171317 176 176 
1355449171367 176 176 
1355449171417 176 176 
1355449171469 176 176 
1355449171509 48 176 
1355449171572 48 176 
1355449171611 48 176 
1355449171647 32 176 
1355449171697 48 176 
1355449171747 32 176 
1355449171788 32 176 
1355449171838 0 176 
1355449171889 0 176 
1355449171929 0 176 
1355449171980 0 176 
1355449172046 16 176 
1355449172095 48 176 
1355449172155 48 176 
1355449172170 48 176 
1355449172226 48 176 
1355449172268 48 176 
1355449172326 48 176 
1355449172363 48 176 
1355449172415 48 176 
1355449172445 48 176 
1355449172483 48 176 
1355449172533 48 176 
1355449172575 48 176 
1355449172623 48 176 
1355449172674 48 176 
1355449172719 48 176 
1355449172765 48 176 
1355449172822 48 48 
1355449172852 48 48 
1355449172902 48 48 
1355449172947 48 48 
1355449172992 48 48 
1355449173043 48 48 
1355449173092 48 48 
1355449173138 16 48 
1355449173190 16 48 
1355449173225 128 48 
1355449173272 16 48 
1355449173322 16 48 
1355449173373 16 48 
1355449173414 48 48 
1355449173467 176 48 
1355449173502 176 48 
1355449173552 176 48 
1355449173602 160 48 
1355449173653 160 48 
1355449173713 160 48 
1355449173741 160 48 
1355449173783 160 48 
1355449173833 160 48 
1355449173873 160 48 
1355449173922 160 48 
1355449173972 160 48 
1355449174021 160 48 
1355449174064 176 48 
1355449174126 176 48 
1355449174183 176 48 
1355449174222 176 48 
1355449174258 144 48 
1355449174301 176 48 
1355449174342 144 48 
1355449174393 176 48 
1355449174433 176 48 
1355449174490 176 48 
1355449174560 176 48 
1355449174614 176 48 
1355449174628 144 48 
1355449174673 176 48 
1355449174744 176 48 
1355449174801 176 48 
1355449174819 176 48 
1355449174859 176 48 
1355449174905 176 48 
1355449174947 176 48 
1355449174987 176 48 
1355449175037 176 48 
1355449175088 176 48 
1355449175131 176 48 
1355449175177 176 48 
1355449175227 176 48 
1355449175279 176 48 
1355449175323 176 48 
1355449175368 176 48 
1355449175433 176 176 
1355449175462 176 176 
1355449175508 176 176 
1355449175569 176 176 
1355449175625 176 176 
1355449175666 176 176 
1355449175704 176 176 
1355449175744 176 176 
1355449175779 176 176 
1355449175828 176 176 
1355449175877 176 176 
1355449175927 176 176 
1355449175973 176 176 
1355449176023 176 176 
1355449176069 176 176 
1355449176106 176 176 
1355449176156 176 176 
1355449176196 176 176 
1355449176247 176 176 
1355449176296 176 176 
1355449176336 176 176 
1355449176387 176 176 
1355449176431 176 176 
1355449176486 176 176 
1355449176542 176 176 
1355449176605 176 176 
1355449176620 176 176 
1355449176669 176 176 
1355449176720 176 176 
1355449176770 176 176 
1355449176830 176 176 
1355449176875 176 176 
1355449176916 176 176 
1355449176968 160 176 
1355449177033 160 176 
1355449177044 160 176 
1355449177083 160 176 
1355449177139 160 176 
1355449177182 176 176 
1355449177234 176 176 
1355449177262 176 176 
1355449177312 176 176 
1355449177362 176 176 
1355449177402 176 176 
1355449177452 176 176 
1355449177502 176 176 
1355449177542 176 176 
1355449177592 176 176 
1355449177643 176 176 
1355449177711 176 176 
1355449177764 176 176 
1355449177807 176 176 
1355449177851 176 176 
1355449177895 176 176 
1355449177943 176 176 
1355449177977 176 176 
1355449178030 176 176 
1355449178078 176 176 
1355449178112 176 176 
1355449178154 176 176 
1355449178202 176 176 
1355449178242 176 176 
1355449178292 176 176 
1355449178332 176 176 
1355449178382 176 176 
1355449178432 176 176 
1355449178486 176 176 
1355449178535 176 176 
1355449178585 176 176 
1355449178631 176 176 
1355449178662 176 176 
1355449178712 176 176 
1355449178752 176 176 
1355449178802 176 176 
1355449178851 176 176 
1355449178892 176 176 
1355449178944 176 176 
1355449178993 176 176 
1355449179043 176 176 
1355449179113 176 176 
1355449179187 176 176 
1355449179206 176 176 
1355449179248 176 176 
1355449179303 176 176 
1355449179316 176 176 
1355449179362 176 176 
1355449179420 176 176 
1355449179458 176 176 
1355449179515 176 176 
1355449179546 176 176 
1355449179590 176 176 
1355449179638 176 176 
1355449179681 176 176 
1355449179728 176 176 
1355449179782 176 176 
1355449179827 176 176 
1355449179884 176 176 
1355449179944 176 176 
1355449179998 176 176 
1355449180090 176 176 
1355449180106 176 176 
1355449180116 176 176 
1355449180206 176 176 
1355449180219 176 176 
1355449180259 176 176 
1355449180306 176 176 
1355449180346 176 176 
1355449180382 176 176 
1355449180426 176 176 
1355449180476 176 176 
1355449180518 176 176 
1355449180582 176 176 
1355449180634 176 176 
1355449180691 176 176 
1355449180731 176 176 
1355449180784 176 176 
1355449180830 176 176 
1355449180882 176 176 
1355449180892 144 176 
1355449180936 144 176 
1355449180986 144 176 
1355449181036 144 176 
1355449181076 144 176 
1355449181126 144 176 
1355449181169 144 176 
1355449181219 144 176 
1355449181264 144 176 
1355449181312 144 176 
1355449181353 144 176 
1355449181403 144 176 
1355449181444 144 176 
1355449181492 16 176 
1355449181535 16 176 
1355449181582 16 176 
1355449181632 16 176 
1355449181682 16 176 
1355449181722 0 176 
1355449181773 0 176 
1355449181816 16 176 
1355449181862 16 176 
1355449181912 16 176 
1355449181962 16 176 
1355449182003 16 176 
1355449182052 0 176 
1355449182092 16 176 
1355449182142 0 176 
1355449182192 0 176 
1355449182232 0 176 
1355449182282 0 176 
1355449182331 0 176 
1355449182372 0 176 
1355449182421 0 176 
1355449182472 0 176 
1355449182513 0 176 
1355449182562 0 176 
1355449182612 0 176 
1355449182652 0 176 
1355449182701 0 176 
1355449182751 0 176 
1355449182796 0 176 
1355449182841 0 176 
1355449182891 0 0 
1355449182931 0 0 
1355449182981 0 0 
1355449183031 0 0 
1355449183071 0 0 
1355449183121 0 0 
1355449183162 0 0 
1355449183212 0 0 
1355449183261 0 0 
1355449183312 0 0 
1355449183351 0 0 
1355449183397 0 0 
1355449183438 0 0 
1355449183487 0 0 
1355449183537 0 0 
1355449183587 0 0 
1355449183627 0 0 
1355449183677 0 0 
1355449183718 0 0 
1355449183767 0 0 
1355449183818 0 0 
1355449183859 0 0 
1355449183915 0 0 
1355449183957 0 0 
1355449183997 0 0 
1355449184047 0 0 
1355449184089 0 0 
1355449184137 0 0 
1355449184187 0 0 
1355449184237 0 0 
1355449184278 0 0 
1355449184328 0 0 
1355449184368 0 0 
1355449184417 0 0 
1355449184468 0 0 
1355449184516 16 0 
1355449184558 144 0 
1355449184608 144 0 
1355449184648 144 0 
1355449184698 144 0 
1355449184746 176 0 
1355449184788 144 0 
1355449184837 176 0 
1355449184886 176 0 
1355449184926 176 0 
1355449185005 48 0 
1355449185045 176 0 
1355449185076 32 0 
1355449185120 0 0 
1355449185169 32 0 
1355449185215 32 0 
1355449185256 32 0 
1355449185306 0 0 
1355449185346 0 0 
1355449185396 0 0 
1355449185446 0 0 
1355449185486 0 0 
1355449185537 0 0 
1355449185597 0 0 
1355449185648 0 0 
1355449185724 16 0 
1355449185735 16 0 
1355449185785 0 0 
1355449185832 16 0 
1355449185865 16 0 
1355449185902 16 0 
1355449185952 16 0 
1355449185992 16 0 
1355449186042 16 0 
1355449186092 16 0 
1355449186142 16 0 
1355449186182 144 0 
1355449186232 144 0 
1355449186272 16 0 
1355449186322 176 0 
1355449186372 144 0 
1355449186412 144 0 
1355449186462 176 0 
1355449186512 176 0 
1355449186553 176 0 
1355449186602 176 0 
1355449186648 176 0 
1355449186695 176 0 
1355449186748 176 0 
1355449186792 176 0 
1355449186842 176 0 
1355449186882 176 0 
1355449186924 176 0 
1355449186972 176 0 
1355449187024 176 0 
1355449187072 176 0 
1355449187133 176 0 
1355449187175 176 0 
1355449187217 176 176 
1355449187276 176 176 
1355449187318 160 176 
1355449187388 176 176 
1355449187400 176 176 
1355449187455 32 176 
1355449187499 176 176 
1355449187572 176 176 
1355449187619 48 176 
1355449187675 176 176 
1355449187681 176 176 
1355449187723 176 176 
1355449187788 176 176 
1355449187828 176 176 
1355449187868 176 176 
1355449187901 176 176 
1355449187947 176 176 
1355449187997 176 176 
1355449188038 176 176 
1355449188087 176 176 
1355449188137 176 176 
1355449188191 160 176 
1355449188227 176 176 
1355449188268 160 176 
1355449188317 160 176 
1355449188367 160 176 
1355449188417 160 176 
1355449188462 160 176 
1355449188508 160 176 
1355449188547 160 176 
1355449188597 160 176 
1355449188646 176 176 
1355449188698 176 176 
1355449188747 160 176 
1355449188792 160 176 
1355449188834 160 176 
1355449188878 160 176 
1355449188928 160 176 
1355449188968 176 176 
1355449189029 176 176 
1355449189078 176 176 
1355449189122 176 176 
1355449189172 176 176 
1355449189222 176 176 
1355449189292 48 176 
1355449189307 48 176 
1355449189368 48 176 
1355449189417 48 176 
1355449189471 32 176 
1355449189493 32 176 
1355449189582 32 176 
1355449189600 32 176 
1355449189653 32 176 
1355449189708 0 176 
1355449189722 0 176 
1355449189756 0 176 
1355449189807 0 176 
1355449189867 0 176 
1355449189917 0 176 
1355449189969 0 176 
1355449190039 0 176 
1355449190058 0 176 
1355449190121 0 176 
1355449190143 128 176 
1355449190198 128 176 
1355449190240 128 176 
1355449190293 128 176 
1355449190333 176 176 
1355449190372 144 176 
1355449190412 176 176 
1355449190468 176 176 
1355449190502 176 176 
1355449190553 176 176 
1355449190597 176 176 
1355449190642 176 176 
1355449190692 176 176 
1355449190740 176 176 
1355449190794 184 176 
1355449190827 184 176 
1355449190872 176 176 
1355449190922 176 176 
1355449190974 176 176 
1355449191025 176 176 
1355449191064 176 176 
1355449191112 176 176 
1355449191154 176 176 
1355449191208 176 176 
1355449191253 176 176 
1355449191301 176 176 
1355449191366 176 176 
1355449191394 176 176 
1355449191433 176 176 
1355449191482 176 176 
1355449191524 176 176 
1355449191573 176 176 
1355449191626 176 176 
1355449191675 176 176 
1355449191731 176 176 
1355449191773 176 176 
1355449191820 176 176 
1355449191870 176 176 
1355449191920 176 176 
1355449191982 176 176 
1355449192040 176 176 
1355449192057 176 176 
1355449192114 176 176 
1355449192159 176 176 
1355449192211 176 176 
1355449192228 176 176 
1355449192275 176 176 
1355449192318 176 176 
1355449192382 176 176 
1355449192433 176 176 
1355449192486 176 176 
1355449192541 176 176 
1355449192560 176 176 
1355449192622 176 176 
1355449192641 176 176 
1355449192690 176 176 
1355449192742 176 176 
1355449192800 176 176 
1355449192841 176 176 
1355449192882 176 176 
1355449192934 176 176 
1355449192983 176 176 
1355449193011 176 176 
1355449193057 176 176 
1355449193117 176 176 
1355449193156 176 176 
1355449193201 176 176 
1355449193248 176 176 
1355449193303 176 176 
1355449193356 176 176 
1355449193396 176 176 
1355449193435 176 176 
1355449193477 176 176 
1355449193527 176 176 
1355449193567 176 176 
1355449193616 176 176 
1355449193660 176 176 
1355449193706 176 176 
1355449193757 176 176 
1355449193806 176 176 
1355449193847 176 176 
1355449193896 176 176 
1355449193939 176 176 
1355449193986 176 176 
1355449194037 176 176 
1355449194077 176 176 
1355449194128 176 176 
1355449194205 176 176 
1355449194259 176 176 
1355449194278 176 176 
1355449194323 176 176 
1355449194370 176 176 
1355449194415 176 176 
1355449194452 176 176 
1355449194497 176 176 
1355449194544 176 176 
1355449194594 176 176 
1355449194637 176 176 
1355449194690 176 176 
1355449194736 176 176 
1355449194786 176 176 
1355449194824 176 176 
1355449194875 176 176 
1355449194918 176 176 
1355449194969 176 176 
1355449195015 176 176 
1355449195053 176 176 
1355449195102 176 176 
1355449195151 176 176 
1355449195206 176 176 
1355449195266 176 176 
1355449195288 176 176 
1355449195346 176 176 
1355449195414 176 176 
1355449195425 176 176 
1355449195472 176 176 
1355449195522 176 176 
1355449195562 176 176 
1355449195616 176 176 
1355449195663 176 176 
1355449195707 176 176 
1355449195751 176 176 
1355449195803 176 176 
1355449195856 176 176 
1355449195926 176 176 
1355449195939 176 176 
1355449195983 176 176 
1355449196032 176 176 
1355449196082 176 176 
1355449196134 176 176 
1355449196174 176 176 
1355449196220 176 176 
1355449196263 176 176 
1355449196322 176 176 
1355449196362 176 176 
1355449196401 176 176 
1355449196451 160 176 
1355449196491 176 176 
1355449196541 160 176 
1355449196591 176 176 
1355449196628 176 176 
1355449196677 176 176 
1355449196727 176 176 
1355449196767 176 176 
1355449196817 176 176 
1355449196859 176 176 
1355449196907 176 176 
1355449196957 176 176 
1355449197007 176 176 
1355449197050 176 176 
1355449197099 176 176 
1355449197137 176 176 
1355449197187 176 176 
1355449197237 176 176 
1355449197287 176 176 
1355449197327 176 176 
1355449197380 160 176 
1355449197417 160 176 
1355449197466 160 176 
1355449197522 176 176 
1355449197558 176 176 
1355449197607 176 176 
1355449197657 176 176 
1355449197698 160 176 
1355449197746 176 176 
1355449197796 176 176 
1355449197837 176 176 
1355449197886 176 176 
1355449197936 176 176 
1355449197980 176 176 
1355449198026 176 176 
1355449198076 176 176 
1355449198119 176 176 
1355449198166 176 176 
1355449198216 176 176 
1355449198257 176 176 
1355449198307 176 176 
1355449198356 176 176 
1355449198396 176 176 
1355449198446 176 176 
1355449198486 176 176 
1355449198536 176 176 
1355449198586 176 176 
1355449198636 176 176 
1355449198677 176 176 
1355449198726 176 176 
1355449198766 176 176 
1355449198813 176 176 
1355449198862 176 176 
1355449198912 176 176 
1355449198953 176 176 
1355449199003 176 176 
1355449199044 176 176 
1355449199093 176 176 
1355449199142 176 176 
1355449199182 176 176 
1355449199232 176 176 
1355449199282 176 176 
1355449199325 160 176 
1355449199375 176 176 
1355449199425 176 176 
1355449199484 176 176 
1355449199524 176 176 
1355449199568 176 176 
1355449199615 176 176 
1355449199665 176 176 
1355449199718 176 176 
1355449199780 176 176 
1355449199821 176 176 
1355449199868 176 176 
1355449199902 176 176 
1355449199934 176 176 
1355449199972 176 176 
1355449200025 176 176 
1355449200071 176 176 
1355449200112 176 176 
1355449200161 176 176 
1355449200211 176 176 
1355449200251 176 176 
1355449200301 176 176 
1355449200352 176 176 
1355449200417 176 176 
1355449200479 176 176 
1355449200495 176 176 
1355449200533 176 176 
1355449200581 176 176 
1355449200631 176 176 
1355449200671 176 176 
1355449200721 176 176 
1355449200771 176 176 
1355449200817 176 176 
1355449200864 176 176 
1355449200911 176 176 
1355449200951 176 176 
1355449200997 176 176 
1355449201037 176 176 
1355449201087 176 176 
1355449201137 176 176 
1355449201187 176 176 
1355449201227 176 176 
1355449201277 176 176 
1355449201317 48 176 
1355449201367 176 176 
1355449201417 48 176 
1355449201467 176 176 
1355449201507 48 176 
1355449201557 48 176 
1355449201599 48 176 
1355449201653 48 176 
1355449201697 176 176 
1355449201749 176 176 
1355449201790 176 176 
1355449201837 176 176 
1355449201877 176 176 
1355449201928 176 176 
1355449201992 176 176 
1355449202044 176 176 
1355449202100 176 176 
1355449202143 176 176 
1355449202193 176 176 
1355449202239 176 176 
1355449202259 176 176 
1355449202305 176 176 
1355449202361 176 176 
1355449202416 176 176 
1355449202460 176 176 
1355449202514 176 176 
1355449202555 176 176 
1355449202605 176 176 
1355449202643 176 176 
1355449202686 176 176 
1355449202735 176 176 
1355449202775 176 176 
1355449202812 176 176 
1355449202856 176 176 
1355449202906 176 176 
1355449202947 176 176 
1355449202996 176 176 
1355449203047 176 176 
1355449203087 176 176 
1355449203136 176 176 
1355449203186 176 176 
1355449203236 176 176 
1355449203272 176 176 
1355449203323 176 176 
1355449203370 176 176 
1355449203418 176 176 
1355449203463 176 176 
1355449203509 176 176 
1355449203585 176 176 
1355449203598 176 176 
1355449203644 176 176 
1355449203693 176 176 
1355449203742 176 176 
1355449203783 176 176 
1355449203832 176 176 
1355449203874 176 176 
1355449203923 176 176 
1355449203981 176 176 
1355449204029 176 176 
1355449204064 176 176 
1355449204114 176 176 
1355449204172 0 176 
1355449204228 176 176 
1355449204270 16 176 
1355449204301 48 176 
1355449204368 48 176 
1355449204398 16 176 
1355449204431 48 176 
1355449204481 48 176 
1355449204521 48 176 
1355449204573 48 176 
1355449204623 16 176 
1355449204675 48 176 
1355449204719 48 176 
1355449204766 144 176 
1355449204845 48 176 
1355449204862 48 176 
1355449204903 48 176 
1355449204951 48 176 
1355449205011 176 176 
1355449205046 176 176 
1355449205099 48 176 
1355449205136 176 176 
1355449205181 176 176 
1355449205235 176 176 
1355449205272 176 176 
1355449205321 176 176 
1355449205361 176 176 
1355449205407 176 176 
1355449205457 176 176 
1355449205497 176 176 
1355449205548 176 176 
1355449205607 176 176 
1355449205654 176 176 
1355449205690 176 176 
1355449205737 176 176 
1355449205781 176 176 
1355449205827 176 176 
1355449205879 176 176 
1355449205920 176 176 
1355449205966 176 176 
1355449206017 176 176 
1355449206060 176 176 
1355449206107 176 176 
1355449206147 176 176 
1355449206197 176 176 
1355449206246 176 176 
1355449206297 176 176 
1355449206344 176 176 
1355449206389 176 176 
1355449206449 176 176 
1355449206482 176 176 
1355449206526 176 176 
1355449206579 176 176 
1355449206619 176 176 
1355449206666 176 176 
1355449206706 176 176 
1355449206756 176 176 
1355449206806 176 176 
1355449206846 176 176 
1355449206896 176 176 
1355449206946 176 176 
1355449206986 176 176 
1355449207036 176 176 
1355449207076 176 176 
1355449207126 176 176 
1355449207179 176 176 
1355449207226 176 176 
1355449207266 176 176 
1355449207316 176 176 
1355449207356 176 176 
1355449207406 176 176 
1355449207456 176 176 
1355449207506 176 176 
1355449207546 176 176 
1355449207596 176 176 
1355449207632 176 176 
1355449207682 176 176 
1355449207732 176 176 
1355449207772 176 176 
1355449207822 176 176 
1355449207873 176 176 
1355449207922 176 176 
1355449207974 176 176 
1355449208012 176 176 
1355449208052 176 176 
1355449208103 176 176 
1355449208152 176 176 
1355449208199 176 176 
1355449208242 176 176 
1355449208292 176 176 
1355449208332 176 176 
1355449208381 176 176 
1355449208431 176 176 
1355449208471 176 176 
1355449208521 176 176 
1355449208571 176 176 
1355449208612 176 176 
1355449208662 176 176 
1355449208703 176 176 
1355449208751 176 176 
1355449208801 176 176 
1355449208851 176 176 
1355449208893 176 176 
1355449208943 176 176 
1355449208983 176 176 
1355449209033 176 176 
1355449209082 176 176 
1355449209131 176 176 
1355449209171 176 176 
1355449209221 176 176 
1355449209264 176 176 
1355449209314 176 176 
1355449209367 176 176 
1355449209416 176 176 
1355449209453 176 176 
1355449209501 176 176 
1355449209542 176 176 
1355449209591 176 176 
1355449209631 176 176 
1355449209681 176 176 
1355449209731 176 176 
1355449209781 176 176 
1355449209820 176 176 
1355449209867 176 176 
1355449209907 176 176 
1355449209957 176 176 
1355449210007 176 176 
1355449210057 176 176 
1355449210097 176 176 
1355449210147 176 176 
1355449210190 176 176 
1355449210240 176 176 
1355449210288 176 176 
1355449210337 176 176 
1355449210382 176 176 
1355449210427 176 176 
1355449210469 176 176 
1355449210519 176 176 
1355449210576 176 176 
1355449210635 176 176 
1355449210667 176 176 
1355449210708 176 176 
1355449210748 176 176 
1355449210798 176 176 
1355449210846 176 176 
1355449210889 176 176 
1355449210936 176 176 
1355449210986 176 176 
1355449211026 176 176 
1355449211076 176 176 
1355449211126 176 176 
1355449211166 176 176 
1355449211216 176 176 
1355449211256 176 176 
1355449211306 176 176 
1355449211356 176 176 
1355449211406 176 176 
1355449211446 176 176 
1355449211496 176 176 
1355449211536 176 176 
1355449211586 176 176 
1355449211637 176 176 
1355449211687 176 176 
1355449211729 176 176 
1355449211778 176 176 
1355449211816 176 176 
1355449211866 176 176 
1355449211915 176 176 
1355449211957 176 176 
1355449212002 176 176 
1355449212052 176 176 
1355449212094 176 176 
1355449212144 176 176 
1355449212184 176 176 
1355449212235 176 176 
1355449212284 176 176 
1355449212337 176 176 
1355449212373 176 176 
1355449212425 176 176 
1355449212476 176 176 
1355449212516 176 176 
1355449212562 176 176 
1355449212611 176 176 
1355449212652 176 176 
1355449212702 176 176 
1355449212743 176 176 
1355449212792 176 176 
1355449212842 176 176 
1355449212887 176 176 
1355449212932 176 176 
1355449212982 176 176 
1355449213022 176 176 
1355449213071 176 176 
1355449213121 176 176 
1355449213162 176 176 
1355449213211 176 176 
1355449213261 176 176 
1355449213302 176 176 
1355449213354 176 176 
1355449213405 176 176 
1355449213453 176 176 
1355449213499 176 176 
1355449213544 176 176 
1355449213616 176 176 
1355449213676 176 176 
1355449213684 176 176 
1355449213724 176 176 
1355449213783 176 176 
1355449213825 176 176 
1355449213865 176 176 
1355449213911 176 176 
1355449213961 176 176 
1355449214001 176 176 
1355449214054 176 176 
1355449214091 176 176 
1355449214141 176 176 
1355449214191 176 176 
1355449214237 176 176 
1355449214300 176 176 
1355449214364 176 176 
1355449214375 176 176 
1355449214436 176 176 
1355449214479 176 176 
1355449214526 176 176 
1355449214568 176 176 
1355449214621 176 176 
1355449214682 176 176 
1355449214736 176 176 
1355449214745 176 176 
1355449214786 176 176 
1355449214837 176 176 
1355449214887 176 176 
1355449214943 176 176 
1355449215014 176 176 
1355449215021 176 176 
1355449215067 176 176 
1355449215118 176 176 
1355449215168 176 176 
1355449215211 176 176 
1355449215279 176 176 
1355449215341 176 176 
1355449215354 176 176 
1355449215405 176 176 
1355449215454 176 176 
1355449215496 176 176 
1355449215557 176 176 
1355449215604 176 176 
1355449215642 176 176 
1355449215683 176 176 
1355449215726 176 176 
1355449215773 176 176 
1355449215816 176 176 
1355449215856 176 176 
1355449215909 176 176 
1355449215970 176 176 
1355449216017 176 176 
1355449216066 176 176 
1355449216106 176 176 
1355449216149 176 176 
1355449216204 176 176 
1355449216246 176 176 
1355449216300 176 176 
1355449216336 176 176 
1355449216366 176 176 
1355449216412 176 176 
1355449216462 176 176 
1355449216512 176 176 
1355449216553 176 176 
1355449216612 176 176 
1355449216646 176 176 
1355449216692 176 176 
1355449216742 176 176 
1355449216792 176 176 
1355449216832 176 176 
1355449216883 176 176 
1355449216923 176 176 
1355449216973 176 176 
1355449217023 176 176 
1355449217063 176 176 
1355449217113 176 176 
1355449217163 176 176 
1355449217203 176 176 
1355449217252 176 176 
1355449217292 176 176 
1355449217342 176 176 
1355449217392 176 176 
1355449217442 176 176 
1355449217483 176 176 
1355449217531 176 176 
1355449217572 176 176 
1355449217627 176 176 
1355449217672 176 176 
1355449217723 176 176 
1355449217784 176 176 
1355449217829 176 176 
1355449217865 176 176 
1355449217901 176 176 
1355449217951 176 176 
1355449217992 176 176 
1355449218042 176 176 
1355449218091 176 176 
1355449218131 176 176 
1355449218181 176 176 
1355449218231 176 176 
1355449218271 176 176 
1355449218321 176 176 
1355449218371 176 176 
1355449218411 176 176 
1355449218461 176 176 
1355449218512 176 176 
1355449218553 176 176 
1355449218602 176 176 
1355449218647 176 176 
1355449218687 176 176 
1355449218737 176 176 
1355449218787 176 176 
1355449218827 176 176 
1355449218877 176 176 
1355449218918 176 176 
1355449218967 176 176 
1355449219016 176 176 
1355449219066 176 176 
1355449219107 176 176 
1355449219156 176 176 
1355449219197 176 176 
1355449219247 176 176 
1355449219297 176 176 
1355449219367 176 176 
1355449219417 176 176 
1355449219467 176 176 
1355449219514 176 176 
1355449219550 176 176 
1355449219592 176 176 
1355449219626 16 176 
1355449219670 16 176 
1355449219717 16 176 
1355449219757 16 176 
1355449219812 0 176 
1355449219865 0 176 
1355449219912 0 176 
1355449219970 0 176 
1355449220018 0 176 
1355449220071 0 176 
1355449220120 0 176 
1355449220132 0 176 
1355449220178 0 176 
1355449220227 0 176 
1355449220277 0 176 
1355449220320 0 176 
1355449220366 0 176 
1355449220412 0 176 
1355449220456 0 176 
1355449220507 0 176 
1355449220554 0 0 
1355449220606 0 0 
1355449220673 0 0 
1355449220718 0 0 
1355449220772 0 0 
1355449220807 0 0 
1355449220844 16 0 
1355449220879 16 0 
1355449220922 160 0 
1355449220962 16 0 
1355449221012 48 0 
1355449221063 176 0 
1355449221120 176 0 
1355449221156 176 0 
1355449221202 176 0 
1355449221242 176 0 
1355449221292 176 0 
1355449221342 176 0 
1355449221382 176 0 
1355449221432 176 0 
1355449221472 176 0 
1355449221521 176 0 
1355449221573 176 0 
1355449221623 176 0 
1355449221670 176 0 
1355449221713 176 0 
1355449221754 176 0 
1355449221801 176 176 
1355449221851 176 176 
1355449221902 176 176 
1355449221942 176 176 
1355449221992 176 176 
1355449222032 176 176 
1355449222101 176 176 
1355449222152 176 176 
1355449222179 176 176 
1355449222224 176 176 
1355449222274 176 176 
1355449222311 176 176 
1355449222361 176 176 
1355449222402 176 176 
1355449222467 176 176 
1355449222532 176 176 
1355449222568 176 176 
1355449222607 176 176 
1355449222646 176 176 
1355449222681 176 176 
1355449222732 176 176 
1355449222785 176 176 
1355449222831 176 176 
1355449222872 176 176 